kinematics:
  shoulder:
    x: 0
    y: 0
    z: 0.2360979453472158
    roll: -0
    pitch: 0
    yaw: 1.773895239726153e-08
  upper_arm:
    x: -6.632561691660722e-05
    y: 0
    z: 0
    roll: 1.570345201877339
    pitch: 0
    yaw: -3.010360335675699e-06
  forearm:
    x: -0.6366155675482236
    y: 0
    z: 0
    roll: 3.138881267464487
    pitch: 3.141563033210871
    yaw: -3.141592336915357
  wrist_1:
    x: -0.5033695428589514
    y: -0.0001008267520190558
    z: 0.2003226636045653
    roll: 0.0005033216995549122
    pitch: 0.0003758703469365958
    yaw: -4.994067608957358e-06
  wrist_2:
    x: 4.514804387170022e-05
    y: -0.1592336101469936
    z: -0.0001397703856772113
    roll: 1.571674095939561
    pitch: 0
    yaw: -2.982206489397527e-06
  wrist_3:
    x: -0.0002021192534562928
    y: 0.153990301970953
    z: 5.851528261236137e-05
    roll: 1.571176320073999
    pitch: 3.141592653589793
    yaw: 3.141592439515211
  hash: calib_3098525267648639148